30 30
1 4
2 2 4 2
4 6 2 2
2 2 2 4 4 1
2 4 2 3 6 2
2 1 6 2 4 2 2
1 4 1 3 6 1 1
1 1 6 3 9 3
5 1 4 3 8 3
3 8 3 2 2 1
1 1 4 12 3
1 1 2 5 7 2 1
5 7 4 2 3
1 6 12 2 3
2 11 7 3
13 12
1 5 1 12
1 3 1 5 5
1 2 2 7
2 1 9
2 2 9
2 2 9 3
2 2 5 5
2 2 4 4 6
2 2 10 4
2 2 10 3
3 10 2
2 10 2
1 3
2
2 1 2 11
4 3 1 2 7
5 3 2 1 5
2 3 2 1 2
1 1 5 2
3 5 2
3 3 5 2
2 1 2 2 5 2
2 8 4 2
1 2 7 4 2
1 4 4 4 3
3 2 3 8
2 1 2 1 5
1 1 1 8 2
4 9 3 4
7 4 4 6
3 2 6 8
5 5 9
11 5 4
4 7 4 5
17 5
9 8 5
5 2 8 5
1 3 2 1 6 1 4
3 2 1 2 5 3 4
3 1 1 2 2 3 4
2 1 4 3 4 3
2 1 2 1 3 4
2 2 2 1 2 5
1 2 2 1 2 5