50 50
12
14
16
18
20
3 11
3 11
3 10
4 10
3 10
2 9
2 9
1 10
2 6 12
1 1 1 4 13
1 1 3 13
1 1 13
1 12
12
11
11
1 1 10
1 8
1 1 8
14
13
9
1 10
8 1
1 7 2
2 1 7 3
5 8 4
7 4 7
11 2 10
13 1 2 12
15 1 15
16 1 1 15
16 3 1 15
17 1 5 16
17 5 16
17 4 16
18 3 17
18 2 2 17
18 3 1 18
18 5 18
18 3 2 18
18 2 4 19
18 2 5 3 13
18 1 6 19
18 5 21
0
0
0
4
9
12
13
14
15
15
16
16
17
17
17
17
18
18
2 19
7 2 19
8 2 19
7 16
5 1 2 7 2
4 1 1 3 1
5 2 2 1 1 4 2
5 3 1 2 1 1 4 3
5 4 2 1 1 5 3 4
5 3 1 2 1 1 5 6
5 2 1 1 1 11
6 8 5 6 4
7 9 10 2 1
10 21 4
33 7
32 9 
32 9 2
31 12 2
29 14 2
26 18
21 23
17 21
15 20
6 19
3 18
18
17
17
16
16
15
15